177126265
215544648
181092395
174876772
183006807
160773792
145691461
157047934
205926713
193578167
335899742
231447740
173388154
162035151
160063720
140485013
247665923
229568480
212364695
187514648
163857790
159697787
304460237
202244751
407976824
295809014
252219144
241033099
238338465
236349144
230239176
225842426
223092195
212375126
209168402
206752769
203320276
200235055
191441156
168939591
162301016
92866643
390155540
333387838
321033547
303144342
274764922
259972843
230287842
221390408
219745759
215148779
213570464
212047032
210265729
204466022
203719026
197950700
194221610
192927126
184751196
182677601
179503496
179014837
175684314
168845197
167755679
159250172
97259235
338984462
334874892
331149530
330068030
320565133
308337291
304196759
288666889
259505038
258891759
252840981
248291200
247751096
236444150
231610763
226279951
224838352
222338269
218536272
214099208
205723447
200811761
199264280
198851635
197824766
197348196
196792930
193262499
192583613
191591369
175250201
175189491
174210133
172253078
170723611
168725544
165444911
165161545
164972367
158584304
157709676
136007031
134074807
392546696
380984778
339017866
328511341
291222342
275625266
184235971
182089770
174946924
435496152
428547877
399469134
392798830
381774843
356739127
352036194
338106142
323790318
322850147
321860956
316492914
306438470
297384662
297180511
294623352
284631282
279629264
277209917
269226793
269177830
265856261
265798793
249692371
246986367
237321828
233728841
231660533
226152421
225888197
213963819
211727589
207027497
204561147
204364841
202723082
198219856
188405902
186505336
185564480
184864914
184517423
182437088
180286385
176366874
175012734
167548773
158495779
158103348
147915705
146490768
139820577
134263329
105377703
99798716
56419829
54209399
43779332
465106311
382040182
303196777
253448517
249166517
247623572
236792418
233008238
229831074
227721688
221125271
218479939
213650934
206062098
196596660
189355302
187370970
179838397
175638542
173188308
124082828
48256949
399500521
352451317
343107935
340582306
324011413
307797897
284065044
284003426
283218833
277794650
274905167
271005384
254681293
254561649
249153627
242044285
239231872
237065508
235344526
223136035
218458006
214398459
211566247
211415695
208001479
206888784
201857664
199679630
198716982
197300397
193123225
192284866
189452622
183704913
180714991
178321884
159564535
159394944
158214158
151564305
118363044
489556703
488366836
425026346
414902668
388085561
383338949
377634322
373307628
367919103
365208111
347615492
337185093
336515198
331153518
330230487
317279215
311086986
306761543
306131358
299191473
298669440
298241435
297047848
295396902
293793646
293020087
284072031
277972957
277536776
275733293
274930591
273865596
264938330
259969734
255999576
251330516
251328658
242314726
238219048
233586010
232829627
231807689
227896976
227331209
227009022
225505765
225132099
224359785
222989007
220160673
218858463
212281480
211067010
208756596
206096946
202533229
201152938
200805267
200027948
199989498
198183751
196772547
190056345
189897889
189657605
188765030
182047790
179259674
178435571
176257296
174571146
171383767
170271218
169393761
167919148
153126181
145404593
135326424
135167808
134568252
97972359
96621077
65789490
23533208
327486132
281383297
84193930
502099498
499327786
495184974
467353360
465137873
450455174
447862559
443824041
432428864
388425292
384805188
378704203
378678069
376817612
361784259
329218654
327324404
323616968
323069508
319333914
314190169
304293603
303591784
279357894
275870711
271179610
256329788
256100278
250816157
241944708
240652596
238381486
231485418
228240778
225988231
223833613
221361701
212750433
212264373
212160805
211224676
210832289
210325809
205493023
203088185
201810875
200551629
193814232
192154474
191325996
191126374
182656255
180338656
177735161
173065212
171835450
153500996
141404972
120895497
112157446
80856070
72404327
34379409
313549876
255147677
242414644
233660370
230982047
217419143
209718970
207559774
206630110
199699630
175361760
170011671
159181146
75526362
424808388
378896884
331275052
328094515
306405858
288355101
284406775
280301909
278733792
269218252
264693097
263951567
242266239
241084148
237710343
234406232
231700929
226726326
226651619
187441119
185909147
175422146
174591356
171809625
168342415
160802836
156578015
121293084
103336083
47228671
381857598
376282682
356752683
346217202
338971155
321953691
300267872
296338029
288490927
287200173
283067034
276327253
270970048
268810902
254820034
252902614
252024922
235096704
232078673
225726352
225495137
224721037
224710182
219862978
218324408
218135632
218009525
205216387
204204007
202820054
199085933
190887442
186611995
181644041
180854507
180711475
180536815
178586195
173748740
172727042
171661449
168112641
165147233
165058650
164513048
155837146
152666088
109519538
106113349
328084151
290089533
263853473
246161663
195917715
181784234
179171066
480555338
471661756
467225332
452547253
449343676
435792135
429253963
424078261
405804867
405719852
400114889
396180140
392117890
389774878
367924771
364175781
349651584
347402448
340096088
320173737
311854729
308583486
306475219
301677192
299148543
290932957
290912828
285341875
281617150
278056318
277102410
275522746
272916510
264249046
260205148
254115325
241929870
236382931
235102621
226205633
223968471
217951006
213285309
212908487
211712373
204187112
198799243
196195709
195651331
195428182
191593109
191335946
190490288
190149633
177593479
175530805
163189343
162799363
151061511
117171171
46039542
337984798
337733927
321801671
295253290
255633005
255438696
229937379
228818964
225065923
219940167
205211981
203095876
195574574
179764354
175072317
174485397
93945708
400392612
377283405
356340937
342969870
336366365
330762527
318838786
315181045
312985599
303629884
301951080
296420250
292496136
279980446
278618251
264805158
259782392
240387791
239889847
238429654
234770676
226223644
223379414
220066368
219116132
213809154
212794284
203203965
188342155
177718334
167748798
166285569
164515134
144454034
455728740
451889018
447455309
415973540
377748234
366959202
364959896
363483633
362903282
360210820
350321206
347491964
347313897
343976502
340766310
339515996
339083258
319330994
311066602
303670711
298504662
291688332
283897958
282761728
282174524
281505246
278928945
271038019
270651099
265634781
257059925
256149485
253706929
253642997
251447064
249836491
249412804
248481323
243875247
238981168
237993790
237811313
236327349
232691787
229721933
227640724
226047928
225827217
224942000
219746326
218511483
217198284
215892204
214227667
212950926
202934753
197821693
194131384
192603747
192241442
189682067
181405577
180852936
180669336
176796019
176547838
173115915
168102969
166853094
165439391
164781263
163138132
162556210
156878585
142750635
47251728
41036499
306665143
290792556
286256288
214589570
208603284
505821597
500435959
499169548
485981976
484322762
481757725
477883097
474679500
467902886
466246776
466019586
445831845
441230761
433476136
431534780
430981484
427564920
423953769
423067655
419036641
418328942
412261715
410585223
407221659
404962902
403059686
401089653
393481331
389920564
384042983
382808756
378024448
377717499
375990684
374086018
372086037
371851312
371505539
370540751
368581769
365325788
358448797
350926701
350824234
346323347
341662308
341221099
337018295
332823202
330812207
327997076
320394843
319575631
318978278
317341053
312023481
308410100
307549148
304727704
304279276
303643669
302819898
297519228
297110360
293241527
293051525
283211053
282383718
277556806
275605416
274515704
269700577
267926651
264714265
262703996
260523895
256775101
255752895
251287873
249639088
241834868
236063211
233055636
232598819
230655243
228605169
227446907
223598841
222951062
221250416
219912283
217997286
214842337
212592159
212589463
207553716
206368118
205729680
204747021
203863030
201320899
201162333
195883965
192892619
192064674
191817319
191580018
190827083
190601340
190163667
188964785
188431812
188126567
187431185
180075613
180069551
177035984
176213419
173609661
171903790
167948402
163513622
162453489
156929897
140308737
104351169
94806407
84937235
465330655
327020789
324922069
307660177
297879053
276545916
259911654
250498382
250216186
248395619
239433163
229466547
228129139
227908360
209480276
207863093
204003644
203981539
201853430
195774523
187203641
180914514
180652555
179746100
172391080
169915759
443749551
355767947
333526095
329756569
320160394
316052104
315169472
310066701
274720532
270983803
263612957
258138895
252484892
246825226
244838525
236090334
235593401
233281372
220030660
216904517
213644881
211121339
205384297
205293093
201177648
187125272
184825220
177877706
176372989
175095961
172067606
171948513
168524137
165716862
158020564
154153365
147407055
105769473
509363011
453670197
424936550
394871872
377297437
376344461
376184786
334097364
326896911
326585213
322195923
320951248
302443263
300714897
288316129
283452473
283297372
280323623
279311034
273504338
269849353
268805955
266402189
261289128
255438840
251980100
246260287
244882149
239104615
238683810
232676122
227968030
226746951
223953983
223744320
223609921
220962220
217438712
217272251
216571317
213626671
210605295
203909116
203090935
202732920
202627874
194968215
194966128
194674867
192243220
187773197
187436608
186854980
183063910
180082896
176775251
174910557
173992553
169853200
165858569
161765215
159376996
157093865
102028064
44602159
40369233
311214496
301224251
219125382
211026618
175524584
503984265
502504412
496814031
496101610
493320308
492881202
488217800
487513464
487492220
482306758
475574394
472439833
468220609
467876439
466724422
466516052
465881971
463958426
455226930
451607300
451215038
447842985
443721728
438955254
438931034
436696658
436225623
433248554
431640781
428698841
427216582
421650776
416533462
412431861
411161976
410721575
401056082
392556833
374704691
372090672
371029536
368891847
367664880
365476816
360034014
357507660
354226539
348215186
344272472
340399810
338660942
