225372725
250949998
221352240
237763803
41868027
340615882
330440443
367759022
211204161
291568694
246291764
238905594
336655823
195134727
138363118
182570396
317318946
242795222
204795127
120748274
263675539
358622359
235222490
391262986
210689526
228303060
416299577
217543328
377083085
258453693
256996740
186340732
477777195
314964780
309570658
336661408
369581358
175013207
340388987
199578283
165028206
150724777
276554249
245504624
139215361
261898500
314751428
248136034
198500607
179133172
107930021
181092395
179350240
168768820
290423144
186211905
172089272
419260299
298933040
238451925
204431469
189881024
440098871
326726790
184907038
169880094
222683961
207906301
195652203
253262304
208626704
200997352
273372073
190244681
188608319
179802845
328128310
258713395
234113770
211665116
237464607
227917109
183203608
166477375
366830373
249276422
211881539
193216301
170906479
79641234
227221309
222076527
219500024
205858191
288438458
267001894
253520114
235877320
227269902
191329274
178280112
177056924
133627314
346245384
307002836
279860576
253771825
252942723
236808659
230448609
226277260
222826277
222181364
216637265
215741846
201407939
191945597
186401990
168706580
355113931
