310356840
174906567
142675887
225907098
216258761
213271928
255083136
307461292
275697519
255604825
274238811
179310275
198323179
171882828
234152837
208577144
225051704
196056808
163822529
252247289
192026400
310478112
218132424
178365382
187420778
171114785
199336636
188549976
106515443
429813253
236420363
225634327
139668464
165471302
313601580
232221738
223207464
174527075
342751728
249093699
240867260
236283677
210248012
196063129
239521619
226276633
225807079
219701465
217286484
202930228
194272951
188731199
479744534
325663007
314608458
300859944
265647491
259171135
239793110
237570721
214384058
199065225
189095222
176576473
163172720
161495685
122419040
107413259
452718189
302912490
255694087
234261003
230166781
220385584
215282277
210813142
208579014
206691886
206114029
204844478
201606442
197129897
163962952
163813597
146489026
83231850
325582474
295510185
288488805
260563062
227920545
227259600
225841143
225275341
220967555
215245793
212349001
210932371
209536938
208165592
203902055
202336309
202024965
198136695
195098229
193570274
191358669
188517407
187489374
185327948
178428438
177550229
163004988
162993795
153065610
87327307
345651143
322514793
