334334719
299311907
219376114
462184119
239752596
313215150
240222468
247635591
234937136
220508756
328909969
226181715
285139237
252291171
215636959
225987918
210124604
201423970
227424038
321879830
438531708
341602467
296056852
285772707
221703056
219621976
194743078
170815931
161055250
308664393
230804399
230096697
307611298
304033297
289625595
252119630
217214249
215640418
204433793
199909687
181346856
175209229
160336736
117878189
89670574
236548149
231061288
188472014
164741208
373473215
369618283
347859651
335126927
297353039
278226957
251595813
248512814
241521583
239084146
229690281
215517793
210243929
205310871
169747431
100854654
394022090
343369038
327260264
268688243
258426002
222894086
219087170
188893462
175757925
339095936
334359501
319424720
300993552
288436886
271694233
269096278
264953785
237322960
237278631
235238676
228356214
209711012
209545751
199447328
199309627
181162123
178903272
177899876
170988414
159989752
67865369
20412360
310096779
279629811
278733473
269101932
268075914
266320191
264470014
258891316
249310841
249204785
243514751
242015739
235334896
235048288
234192748
231110740
223244708
210316479
209573987
205956507
205357986
204231104
199834634
