439549311
167371163
547630182
421809124
369727889
265395424
282728550
187392517
459020560
226178629
325853092
275020527
217401058
274762006
398874778
449352474
217703758
224972645
172545307
283848073
261383957
183267310
275696336
150340004
228046017
362958515
279709074
256037733
321477548
220599743
491613849
248321270
245602308
228393183
193687497
320380798
206945267
180855626
352347316
230176581
219011007
175255637
157047934
208308681
204739701
185712315
180967409
358878585
322136165
308002340
291034292
248356219
207208536
203372962
115720036
367057864
352166142
236863179
230081973
229521019
219759057
200326562
336118118
324031020
296585906
296196655
284705181
280637409
280425095
278229134
261313662
247986170
247749254
245076335
243820858
242835763
237037471
236388040
226943740
225378734
208034514
203786523
44522564
367678422
361767550
346968448
307724388
271361764
257468913
250294728
247348985
234529000
233162806
231852738
218178704
196968752
186920125
148382440
136425271
47669871
459686167
359589904
313283841
293735557
286089889
282886523
282403209
281534465
268963585
256478601
256135119
252264638
238401128
229927923
220846873
218569691
216523177
193554445
185420418
178955812
