239092527
251783037
260988401
177316383
318554723
283035933
334719747
340781650
264836869
253656551
239373667
232575230
219483690
217892343
282516227
250455073
447003349
343192689
332033357
313198450
262511686
195891329
164973305
488965687
487683740
343071496
327581868
300783074
294618405
291751622
289000445
248815784
243280673
235213378
231564064
228041277
210605883
179694427
41002741
312727844
296157240
305153956
318898217
227655699
466230165
411026572
342093783
262701698
255630181
242413052
231208339
461607412
507837512
477946469
295768194
504062721
356638239
343237704
333241003
293528044
292178193
280940721
258396360
509895848
498617205
495235643
479176494
479095021
459981995
457652311
441665029
435104672
375075075
374755101
346920048
344749341
337691083
337000658
270783976
240898947
236148737
235154327
227090760
204636292
249047798
358449768
286998525
500015365
426828705
349858887
336414114
318636542
281311608
254110347
509867749
494320580
491295595
490643168
469534966
462251798
432556515
411433817
407777029
380499397
318818544
317913223
311813712
274601936
273089772
237349279
236436875
227499392
213676933
207358550
203129426
