214377327
201123894
177615902
500609962
330440443
170442763
90962241
288464854
247681174
369581358
306113293
208974422
456308527
401388442
246956918
248302255
347843691
236502779
292242473
258192424
236790712
218775882
369483900
239379526
164752040
210934370
264718796
240223757
237228648
200431089
198898610
151186081
446096757
404458424
354790286
295562419
248069674
238857388
216329759
201696995
181555516
231627233
227209058
212456054
188755979
178120304
171574860
369115208
283366547
260573285
231471138
217792569
214424257
213881480
206441354
197700355
178134594
176743606
156084198
402206433
332459382
316608259
315525562
302967299
293575702
289726144
287107695
282834663
273809379
270119495
256113010
254415488
237762749
236466743
234849774
225336988
224869051
223882163
214800089
213986900
211770721
206146052
202283476
190717458
189167317
181451746
175319817
151096718
142320205
77837955
15203518
378445053
333716395
331304284
324931875
323235722
313336177
309849246
280061178
279342519
258466858
257540592
254797587
248650770
246127476
240522625
240342079
236703352
236622844
229575734
225345101
224832874
221544845
220825379
215971078
215611487
215293926
213169113
212054204
211333094
