215262371
326161682
251536690
309083087
196808126
163905363
248070426
354242628
157155073
174910114
152574448
29285941
370784274
218595587
193689628
149408588
157790301
244053356
207769405
143033676
235449081
229790900
203957536
181423806
215221484
108518568
288619180
262792739
206622515
186921300
229111565
199634855
431974001
252250610
148265492
460498696
171760489
84063418
262609686
246543640
240089183
205716689
203899698
195157558
190425949
183513480
177634320
48804070
234005831
227514070
227146914
155394745
140097792
262724433
253786994
234626241
225703981
192612757
191146046
177717045
168971498
168623036
157602676
142977430
4823662
313661551
277147125
259550886
251788167
251751432
236041907
235254994
206358757
204256454
186039949
172786095
158558633
152914922
150902862
119758029
277379916
276343813
274036139
268907533
247909095
240924163
227194434
226115382
224905082
212005237
209876594
206755529
205724505
204383651
203868242
203163362
191695391
178097708
170845285
170293154
47669871
349627166
285788167
263936139
254513973
249639165
244850250
244091837
235867624
235023118
228895682
227665107
220832186
217693195
215938698
215066699
156837207
154125591
151829545
149057277
