73859566
183153647
365657816
282285237
145385514
182108834
254858148
103114011
188847935
125840124
79414093
47869416
190418629
8294206
1105329
246440300
232912891
176401245
24431794
253347582
221067674
189826042
159042037
143222922
94675783
77734873
61373114
451051163
279559611
276304926
200417859
181785531
170730523
152477546
122244300
102987128
50433752
495355752
228870225
220062461
217331311
203860450
202273615
168531077
164446118
163779267
159089302
144023327
43568261
36228331
274257319
259708198
251706199
251154544
245733984
234882470
227412547
218262769
218136931
215686649
204487944
201978865
195983847
195429449
194655191
187528694
185010610
184820386
171901052
168119880
159738813
157333474
155769015
144297102
93284436
90946925
63508590
24623952
16350448
244086332
195804223
142715495
129018901
480255033
444240445
408375867
379003443
373011746
352289022
348969862
338805418
333399670
325421438
323034940
320025745
318520246
310375449
308063830
304121601
296751270
293398279
292712770
287634406
287243305
274026289
270324390
262411037
259257524
251574865
244919055
235495578
233500266
232151850
228723590
227137901
225722930
223020356
221766756
218388325
216883374
