432948783
100078090
222184032
293633256
272011680
229815477
249781514
240665150
223745991
143784756
364696053
336388249
321949595
289445344
268423064
239330512
238753718
230623998
168443048
12952277
399888322
280800358
264314556
259790067
249578579
248821422
229846452
215364823
301589784
502789121
467061894
347410003
334741440
328648441
308142871
307217173
302933993
294783753
285469930
277224181
272362379
271835165
255064525
254921394
253842293
248135495
247471248
247347764
246101613
244243297
242566945
240549709
240124492
240111812
238983106
237106693
234507359
230734425
226979396
226624710
224123819
223170360
223005706
219809721
219585770
218619308
178932066
139333053
268359088
255981227
395371377
340241040
336248334
280767702
265978420
265505199
249165354
226582838
195117823
368453849
329423809
309093439
290839639
252722906
207702191
155879633
284214352
504489252
491920912
479611176
458647990
452704439
364304567
360248895
353356187
352911811
344932122
342820030
332370029
330119104
320525467
318732665
317299152
316606938
315542840
312883226
312682551
311936031
311648501
310560939
310011304
308555183
307037908
296682873
292926135
292268802
290641438
287194536
286662976
286092205
