306329042
215262371
231706353
200956420
160077064
169106462
173689422
339926207
274387567
411517737
402662358
219925247
252291171
221160303
139264379
260891959
210109155
163942494
261012033
202106811
266197616
240927302
177837634
380409775
230050825
89580291
297889820
245613891
250738888
125736508
342796787
202239027
261046623
249552830
187742567
173836650
361321565
269341241
269230086
246714149
227996541
216139036
211227588
184793140
173350037
362580604
342612226
242650528
240254352
238553412
226221410
186364365
313640340
271247994
256889924
232793639
193574720
157961181
153489390
425378859
342523749
341529743
295510185
286059117
282639803
255306113
248612957
216107662
211766675
162301016
381770022
355909776
323390449
308484594
302038407
297311590
287384195
278052367
250940899
236669971
235672464
234899777
187386582
112142262
20100646
386088575
365880289
362074465
309169373
306743714
302582621
301154624
283309394
278915887
270324358
269184393
264256120
259764830
259416971
251950781
248279436
236968524
234359689
231954525
231692624
229891444
215962115
214216658
211096401
203620503
203447086
200567117
193405303
178095767
163656105
152277180
372639493
307669079
