161901579
220007032
161651793
495972314
392748257
308607854
275701823
237769803
234819885
222222977
190534458
161471778
91841788
342656019
242142862
189672208
279481224
320040398
300734730
273894033
265456289
245988135
245480441
240942876
238991458
231173540
223067728
210162567
207931790
163073170
327906595
303518658
262729992
262672234
188728548
342156466
359155772
267961104
484177824
343001946
278212921
267907616
209334327
193297520
466932185
296108863
265676532
264329401
484387862
352606448
340541526
294264249
218532147
215695698
197937075
506410179
291881805
510319349
310182582
274875621
258366269
225137860
199405011
158930493
508529287
363312404
337217702
331511297
292763683
286391923
217136568
58004802
512984175
439083850
428522767
170341684
445162445
507981216
481417380
505345824
503876871
272827641
174362625
467813431
235224134
559208287
547786948
521084588
519684543
518820802
518574686
