310238445
228568327
169116114
187656846
52039353
287064380
22071983
206339584
63243760
169216339
41682812
406321040
174218470
148025561
196822414
171267966
39283597
236063214
189318347
172820834
156240107
472994137
213439728
200021035
166369163
161448341
138613957
226683849
205651408
181565222
178070849
139278328
94160574
341198748
174732236
90819449
75303491
62371296
47798242
211055404
202586231
186744094
156221467
152123419
43549213
217512155
207526560
204711567
197714271
190498379
188648933
173574710
166347794
163962952
163410733
472978090
260301758
240398235
221443054
217949295
206714263
203408166
175696618
173208303
171195553
144955022
143607217
111936326
48557142
42596139
273955209
254709913
251183866
233464205
221128172
210880904
195452746
189775733
186113026
182674932
181292317
175431928
170282736
169563237
168722956
167383007
161613493
159401451
132945287
131331940
119988440
107886950
468619609
409859982
310866477
292919240
279849252
279748704
277492056
268228041
267147888
253209927
243843985
239338143
221459999
219299337
216619096
214679780
213721040
211299191
210704959
199230364
184200727
181342434
174677552
170999218
169463637
169078998
168964189
165592207
