275402947
106628712
208702760
368816395
167714826
459740307
196854479
215544648
307873450
351296921
255466385
170901348
86812048
174876772
183006807
160773792
145691461
237916614
223547678
208536526
205926713
44858679
335899742
237818421
184826556
182961229
160063720
56416658
247665923
229712687
212364695
205578926
170611324
163857790
159697787
314611977
304460237
251141108
243307138
226898601
216986432
202244751
70421918
407976824
309303008
295809014
241033099
238338465
230239176
225842426
209168402
207578396
206752769
203320276
191441156
181691169
168939591
161242996
119680358
333387838
303144342
274764922
272089406
259972843
256343460
230287842
221390408
219745759
215148779
210265729
203719026
197950700
194221610
193855202
192927126
191528606
184751196
182677601
182315578
179503496
179014837
175684314
174642018
168845197
167755679
167153523
161046940
136871344
97259235
86280792
472999478
459069279
324339111
313988076
308337291
304196759
288213967
276230093
269819020
259505038
251547466
236444150
234295822
231610763
226279951
224838352
223478172
222338269
221339199
218536272
216822660
215555084
214861735
213593149
210290565
206047967
205723447
202594074
200811761
199264280
