330440443
284155381
182376780
158267468
206942237
181092395
180202376
179152488
186539606
236502997
173814102
189461901
402859341
303399875
322136165
295646451
206373714
204748822
195441668
168203435
91007576
89193110
246904774
234876079
223274680
218516641
190179803
164716913
159758763
271953022
269880617
247290208
205929175
194778359
52357199
374061963
313889847
310998594
242919784
238355150
227509459
222682168
210209621
195145316
159569215
150394436
396548642
382445706
256261228
242417109
224554030
197794504
190046585
185759906
177740358
175869273
159919656
159910879
159656579
136784634
62691061
47843964
422451881
382483572
349854185
343988758
313451750
307354406
298883914
278160786
267000681
237608498
237418062
236522488
225768616
216637342
211617946
210667132
209410848
190214374
186216933
179318470
176802887
173524370
172903096
159137029
151757444
144889834
142269104
97569001
62546266
26718082
333322553
227639796
202035358
175982752
169388965
139355927
81528299
497464315
476739543
421408954
402864535
358082631
350951798
347408903
342264500
339299662
336374250
329543330
329186289
328595243
322533639
313285025
310651514
309160671
308821615
301799160
290221369
286191625
