300617850
301149855
329574277
217874136
196199288
200387651
226107563
360905583
227967000
319459349
238923060
250859005
216588681
283698123
248262555
245746816
182533587
326176957
255550778
166842304
143044561
335833037
330074341
313575500
266708390
181542880
446332428
253802850
224692959
219815078
207009026
170043565
286184526
253371606
252443000
236969897
213918532
2875669
324994855
295789479
267828094
344674699
290889503
275717809
266844493
251897403
250556623
243049073
228598820
227835059
197676421
169236086
162014399
94026853
77485921
382628441
276951786
200087647
325526769
313266415
253350373
233465511
161621962
404425859
399504405
399142808
333897925
310646805
308302147
296210073
289573053
256599188
241753169
233722060
215083612
202371086
176795549
400653764
484491876
470372751
461634239
457337370
442226689
416285144
401834694
331096868
310925291
286689114
262358671
261257452
258388844
257311101
241066335
236384332
219988071
212001693
207648240
5367936
274120223
270085373
242351649
494491974
478863852
386543619
239268459
196219047
425865847
318972083
283343982
270355333
252796196
245481629
201607605
365764228
269775851
246400163
245706540
220001963
356862204
320130444
