570445294
570444074
570441467
570435530
570435157
570434659
570434207
570433596
570429268
570428740
570424563
570422828
570419780
570413771
570412156
570410493
570409506
570406435
570403418
570403369
570398850
570396671
570395177
570394581
570394319
570394078
570393429
570390423
570387921
570387403
570384539
570384429
570378424
570376629
570374532
570368543
570362441
570361609
570361060
570357258
570356559
570354466
570354205
570352083
570349217
570346814
570342820
570330228
570309230
570305220
570303620
570299470
570299159
570298379
570298283
570298099
570297740
570296418
570295299
570293842
570292779
570292545
570291653
570291637
570282008
570281886
570280658
570279370
570278337
570275383
570273661
570273524
570272733
570269661
570267485
570261588
570259414
570258269
570256550
570251785
570250667
570244617
570238487
570237265
570236702
570236447
570221425
570221296
570218233
570216378
570213749
570209562
570190289
570182857
570178580
570171130
570170637
570167950
570166284
570163311
570163081
570158921
570158430
570156042
570155356
570151919
570151567
570150801
570144745
570140092
570139594
570136590
570136268
570136142
570130583
570129929
570129035
570128567
570116122
570107952
570107240
570106313
570103535
570097162
570096779
570092361
570084733
570080586
570077471
570075013
570072711
570066133
570058881
570050833
570049205
570043767
570036645
570034894
570031237
570031101
570029894
570029572
570027969
570024860
570022119
570021036
570020340
570018896
570018751
570018748
570016608
570015962
570015559
570014300
570010480
570009728
570009018
570008662
570008037
570006016
570004786
570000969
569983389
569980475
569980282
569979763
569975932
569974731
569971990
569971685
569970699
569969834
569961361
569961252
569960159
569959676
569958585
569952245
569946943
569941598
569924046
569920289
569904688
569900330
569897145
569890969
569885343
569884838
569883193
569882923
569880765
569874820
569870743
569869289
569868956
569866894
569864051
569864002
569862681
569859620
569857055
569856522
569851919
569849639
569845969
569843429
569841657
569836661
569835414
569821765
569820780
569820444
569817961
569813829
569812683
569811525
569808508
569803956
569802537
569785427
569777709
569770062
569769404
569763407
569762278
569760806
569755125
569750245
569750137
569749103
569747106
569744850
569744629
569743478
569738257
569737159
569736830
569735924
569735618
569734995
569734746
569731131
569728860
569728678
569726484
569723004
569720831
569720526
569719901
569716529
569714467
569713310
569711684
569710318
569706099
569704618
569704200
569697749
569696957
569694029
569691446
569691267
569686521
569681981
569679190
569676754
569675991
569673716
569657614
569654521
569641627
569637986
569635227
569634335
569633394
569632290
569631902
569630146
569629295
569627867
569627864
569626860
569625185
569624970
569622557
569621697
569621363
569621007
569619329
569618378
569610610
569609227
569606164
569605524
569602667
569601178
569592609
569590943
569589724
569588549
569588388
569582376
569577286
569576468
569573359
569572079
569571825
569570612
569568659
569567925
569567518
569566679
569566648
569563207
569561710
569560292
569559333
569554271
569552463
569549901
569549649
569549642
569548727
569547718
569546406
569545653
569542689
569539724
569537096
569536445
569534985
569532132
569530750
569530666
569522511
569510149
569504794
569503502
569502587
569498069
569487972
569487777
569484261
569481869
569473032
569472638
569471678
569471226
569467166
569463868
569462643
569458425
569453346
569451979
569447551
569442853
569441556
569441185
569439094
569436550
569436464
569435744
569431835
569430565
569426890
569426451
569425812
569425782
569423476
569423333
569422898
569419704
569419667
569416436
569409116
569408381
569408094
569406985
569404890
569402259
569396770
569393673
569387907
569387789
569387362
569387126
569386673
569385737
569385501
569384667
569379613
569369660
569364821
569354614
569349226
569344661
569344453
569337723
569337070
569336734
569335876
569332951
569331341
569328721
569326449
569323828
569323516
569321729
569320970
