181059939
221800327
318903417
296881987
311431669
267237652
231079827
97918174
493940856
369564476
305959276
243529303
230976046
222363508
135709353
9122004
484437033
320995060
17350227
5867806
366927056
212154922
403772803
419730771
410172218
369032929
305404770
301460721
294259718
279821089
269491539
267045616
254648552
253679465
226236320
191661764
153019595
66198236
370286465
265762774
245051409
468616919
383179711
359567405
225213327
359097835
352691666
290087702
44550681
482132796
410808832
508406511
392288440
361039175
225393919
183458028
171791569
295852565
483825033
403447684
370328464
275453072
496223464
463184570
449056887
431320946
370213050
243437947
226966019
19602018
512997722
506739165
496141375
493564334
483275070
469800856
469066967
467518692
458625937
403016266
395458496
373313632
361039970
360788651
341371467
331739117
316865091
258799803
255076323
247828139
239125035
237300396
209538082
378047997
426735722
301424006
10321152
445922147
435721239
360506523
233770857
227432146
377880476
510963030
510923925
482886054
480457149
461567457
446911280
446092522
443960151
411712852
383813409
376110804
338697639
329910217
296935259
262029235
