570445294
570444074
570441467
570435530
570435157
570434659
570434207
570433596
570429268
570428740
570424563
570422828
570419780
570413771
570412156
570410493
570409506
570406435
570403418
570403369
570398850
570396671
570395177
570394581
570394319
570394078
570393429
570390423
570387921
570387403
570384539
570384429
570378424
570376629
570374532
570368543
570362441
570361609
570361060
570357258
570356559
570354466
570354205
570352083
570349217
570346814
570342820
570330228
570309230
570305220
570303620
570299470
570299159
570298379
570298283
570298099
570297740
570296418
570295299
570293842
570292779
570292545
570291653
570291637
570282008
570281886
570280658
570279370
570278337
570275383
570273661
570273524
570272733
570269661
570267485
570261588
570259414
570258269
570256550
570251785
570250667
570244617
570238487
570237265
570236702
570236447
570221425
570221296
570218233
570216378
570213749
570209562
570190289
570182857
570178580
570171130
570170637
570167950
570166284
570163311
570163081
570158921
570158430
570156042
570155356
570151919
570151567
570150801
570144745
570140092
570139594
570136590
570136268
570136142
570130583
570129929
570129035
570128567
570116122
570107952
570107240
570106313
570103535
570097162
570096779
570092361
570084733
570080586
570077471
570075013
570072711
570066133
570058881
570050833
570049205
570043767
570036645
570034894
570031237
570031101
570029894
570029572
570027969
570024860
570022119
570021036
570020340
570018896
570018751
570018748
570016608
570015962
570015559
570014300
570010480
570009728
570009018
570008662
570008037
570006016
570004786
570000969
569983389
569980475
569980282
569979763
569975932
569974731
569971990
569971685
569970699
569969834
569961361
569961252
569960159
569959676
569958585
569952245
569946943
569941598
569924046
569920289
569904688
569900330
569897145
569890969
569885343
569884838
569883193
569882923
569880765
569874820
569870743
569869289
569868956
569866894
569864051
569864002
569862681
569859620
569857055
569856522
569851919
569849639
569845969
569843429
569841657
569836661
569835414
569821765
569820780
569820444
569817961
569813829
569812683
569811525
569808508
569803956
569802537
569785427
569777709
569770062
569769404
569763407
569762278
569760806
569755125
569750245
569750137
569749103
569747106
569744850
569744629
569743478
569738257
569737159
569736830
569735924
569735618
569734995
569734746
569731131
569728860
569728678
569726484
569723004
569720831
569720526
569719901
569716529
569714467
569713310
569711684
569710318
569706099
569704618
569704200
569697749
569696957
569694029
569691446
569691267
569686521
569681981
569679190
569676754
569675991
569673716
569657614
569654521
569641627
569637986
569635227
569634335
569633394
569632290
569631902
569630146
569629295
569627867
569627864
569626860
569625185
569624970
569622557
569621697
569621363
569621007
569619329
569618378
569610610
569609227
569606164
569605524
569602667
569601178
569592609
569590943
569589724
569588549
569588388
569582376
569577286
569576468
569573359
569572079
569571825
569570612
569568659
569567925
569567518
569566679
569566648
569563207
569561710
569560292
569559333
569554271
569552463
569549901
569549649
569549642
569548727
569547718
569546406
569545653
569542689
569539724
569537096
569536445
569534985
569532132
569530750
569530666
569522511
569510149
569504794
569503502
569502587
569498069
569487972
569487777
569484261
569481869
569473032
569472638
569471678
569471226
569467166
569463868
569462643
569458425
569453346
569451979
569447551
569442853
569441556
569441185
569439094
569436550
569436464
569435744
569431835
569430565
569426890
569426451
569425812
569425782
569423476
569423333
569422898
569419704
569419667
569416436
569409116
569408381
569408094
569406985
569404890
569402259
569396770
569393673
569387907
569387789
569387362
569387126
569386673
569385737
569385501
569384667
569379613
569369660
569364821
569354614
569349226
569344661
569344453
569337723
569337070
569336734
569335876
569332951
569331341
569328721
569326449
569323828
569323516
569321729
569320970
569317904
569316301
569315015
569314748
569314117
569312963
569312427
569308461
569307599
569307360
569306590
569304893
569302812
569300073
569299992
569299265
569298977
569296577
569291859
569291523
569287876
569284552
569283069
569282226
569280964
569272088
569270810
569270419
569268686
569267887
569267566
569267035
569267024
569265458
569261971
569252372
569249095
569227730
569225990
569218809
569212541
569210024
569209038
569205629
569203335
569199505
569198578
569198267
569197445
569197275
569197215
569192161
569190764
569189170
569188051
569186286
569185689
569177574
569175451
569173564
569172102
569171525
569163035
569162467
569159219
569153506
569153096
569145128
569144480
569144199
569144087
569139352
569136922
569135613
569133945
569133721
569132924
569130681
569130491
569128958
569127178
569124186
569123282
569120149
569114959
569113724
569112932
569111666
569108386
569107225
569091807
569086720
569084146
569083553
569081117
569076636
569068961
569067899
569065494
569065492
569064687
569060640
569058510
569053895
569052778
569052622
569049676
569049572
569045843
569044843
569043944
569043927
569042453
569042266
569042090
569040589
569039178
569036561
569035983
569035259
569030711
569030122
569026366
569021244
569020349
569016709
569010819
569010470
569010272
569006997
569006049
569005235
569004163
568998862
568996392
568992536
568991263
568977462
568975825
568975305
568971014
568970389
568969311
568966829
568966685
568963783
568949342
568944525
568938579
568923431
568922323
568919734
568913685
568913272
568911885
568905719
568903955
568903598
568900722
568899031
568898700
568898516
568892406
568891455
568891398
568891063
568888517
568885542
568883961
568879400
568877915
568872136
568870409
568868766
568867780
568865105
568864827
568861116
568860704
568856173
568850014
568845704
568844085
568841767
568840171
568833812
568832827
568829452
568829361
568828038
568827252
568826017
568820499
568818059
568817978
568817458
568815174
568812934
568811212
568802035
568790722
568788583
568783701
568780593
568780188
568779987
568775697
568773737
568773334
568769436
568762814
568761774
568753023
568752019
568749832
568749141
568746364
568745101
568743940
568741620
568738812
568733710
568725892
568722721
568722559
568719034
568717881
568714776
568704458
568701493
568700589
568699536
568698103
568691458
568689176
568685164
568677937
568676547
568674671
568673934
568673598
568671268
568668807
568668029
568666944
568665796
568662903
568648901
568639556
568638569
568636025
568627406
568627161
568626954
568626420
568620958
568620933
568617988
568616160
568614229
568613743
568612449
568612204
568611561
568601732
568601090
568599202
568597103
568595400
568594543
568592631
568590456
568585163
568584889
568581658
568576902
568575802
568572711
568572447
568571541
568571257
568568191
568567580
568561716
568556634
568554183
568553816
568553706
568553097
568551554
568550686
568549085
568545983
568544494
568542558
568541043
568539610
568538182
568537852
568534973
568533885
568532655
568524791
568524440
568520507
568518180
568518147
568517109
568516540
568515162
568496754
568495132
568492571
568484806
568477207
568469146
568466557
568463592
568461325
568461241
568453943
568451497
568451026
568450512
568445921
568445294
568439282
568434342
568432090
568431823
568431209
568427399
568426133
568423353
568416616
568411074
568409968
568408822
568408666
568408118
568402397
568401376
568401011
568398942
568396683
568390883
568386802
568383825
568383627
568383095
568382901
568382637
568379440
568378221
568377894
568370597
568367401
568364613
568363264
568362510
568360827
568359593
568359229
568355244
568354354
568343878
568341887
568341489
568341461
568340394
568339686
568332302
568330533
568322012
568320679
568320572
568320227
568314602
568314428
568313705
568311564
568308792
568308136
568307976
568307935
568307224
568306207
568305956
568305238
568305098
568304594
568302977
568302902
568302194
568300921
568297967
568296668
568296154
568293287
568291313
568290585
568287211
568284922
568281908
568281608
568280959
568280480
568277529
568272707
568271834
568269181
568266194
568265946
568264346
568264267
568259811
568258423
568249758
568246920
568246390
568246373
568242201
568238973
568238074
568235025
568234518
568234464
568233489
568229797
568229517
568226528
568226177
568226139
568225032
568223742
568222651
568222445
568221062
568220308
568220137
568219703
568219298
568217916
568217864
568215639
568215029
568212400
568192299
568190052
568189691
568187837
568184726
568183893
568180385
568179957
568178343
568178131
568176471
568175674
568175473
568169796
568160059
568159981
568154725
568152936
568152841
568152162
568152055
568151529
568147681
568145590
568145465
568143821
568141939
568141816
568140952
568139744
568139121
568137478
568134181
568133698
568133477
568129549
568128394
568118853
568117797
568117153
568115067
568114939
568114549
568114317
568112828
568111321
568110951
568110547
568109589
568104699
568104643
568104047
568103754
568103528
568096961
568096279
568094689
568091236
568086927
568086776
568082371
568082030
568079531
568077809
568077490
568074711
568073875
568073510
568072867
568072714
568071752
568061985
568048234
568039929
568035847
568035118
568034648
568034549
568032228
568030492
568030063
568026788
568025773
568024406
568024251
568023495
568018286
568017926
568013140
568011351
568011132
568010150
568009107
568008755
568007874
568005934
568005040
568002270
568001070
567998180
567997799
567994482
567987130
567984713
567983826
567981158
567980055
567978982
567973087
567970133
567967856
567963834
567962133
567961551
567961453
567960905
567955874
567953919
567953097
567947558
567944631
567943763
567942179
567938733
567934907
567933574
567933423
567933303
567932968
567932181
567930230
567930191
567930161
567928921
567925838
567925590
567924795
567924020
567923702
567923152
567922154
567921760
567921156
567918745
