398874778
229989016
218724851
171322206
139254841
25200030
282256278
244394300
300331068
480586256
370387993
355831887
354850592
334960057
327778674
318521333
284731491
243515367
227888032
204391442
182618531
163005399
33367431
395481754
265767817
233729603
167189322
6877403
369892586
265587846
173319094
371495787
326321478
321647231
313216839
267359536
251261191
244872122
241750058
205073009
85628692
31446631
378532596
223893586
327669512
314021426
291108350
233681678
215260848
25916830
334778092
175545011
429034377
421990075
306456403
213687988
508313437
463929739
445361442
414575188
381000134
375728871
354315515
328249722
296192370
236248140
225834182
207691215
196349783
89184196
25578059
464128571
321290939
7639626
328290069
506121331
505948595
502255332
495526820
492435164
486775946
479044302
463253698
427784925
346153960
343552663
309308726
295302203
274300131
251552963
244263617
230998083
196513966
160393135
347047467
277934478
263371439
224522796
203535068
512664211
481566563
478365576
453343440
417035583
415992759
217949861
208547211
497956358
411154369
354401343
347066503
509064083
485694910
483259466
470723442
461173513
