199320583
252390268
32481174
406067142
407394148
320389232
449352474
343966687
204665885
42262174
192223636
260387156
221157236
230414014
157234170
251204437
219591585
121621096
324042864
219356281
213181859
244232519
7279006
280659612
270932400
266652898
225491811
88121701
486512583
272058525
246890320
238858261
237691849
217891586
215551314
105499768
97708335
299718169
273354131
258714508
239527665
216880678
216025648
188737032
175248157
157899577
143221729
95091528
322278311
302497345
289114179
276407291
241956016
240596826
236719137
218963411
212925734
211862486
208443730
206670515
200969754
188932698
187014360
184689521
184371464
179286972
164737691
160050136
158998478
156389667
89253594
429855071
366335109
339170401
322887141
318189940
317217317
283799164
282357910
281230305
278463333
274702006
263021394
262350401
256332457
254679783
253210410
249944536
247195484
246466727
242273712
239272186
236199299
231334817
230088232
226474144
225298046
221120841
213957963
212196654
211954350
211667329
210152111
204047388
200965685
195210732
195018147
194501613
192625613
190321128
186609071
186539435
178464992
167371976
166263890
147526425
139145531
119543958
52284481
377316433
