186095910
127029943
240441878
203127671
157790301
211668788
15745523
237610714
221887398
245073617
222145324
217041601
142071921
247591561
239751134
229996345
195019906
317021095
213926625
211486655
192156793
158817064
265375702
233013426
190164316
184692311
181406595
390155540
299311764
276834617
247927119
207213266
199510581
184044358
182031115
153909558
385544222
311966329
304718301
269266124
251079600
234602737
229676903
229599320
229482299
226589180
218250331
217974977
213216484
196438106
192141063
184184263
173656307
167540604
165222897
156997401
31178170
234772714
222248230
191716280
30014635
451548628
357436391
306453694
285454800
265857763
253888118
249083627
246379691
234612144
228341921
222936186
209461482
199904095
183274660
161302343
151935612
147536741
138147996
37047507
208972945
141888833
55620874
467475650
226826984
206947000
203875909
184703738
177875479
177430257
176556009
63627792
43541812
459021058
453674677
399877912
393409721
354593167
328068889
327938447
308622755
299875386
288440397
286677499
229201670
228306961
227247913
216129828
202479541
200878022
198647883
183687468
175848488
170638268
166167035
154336099
152521636
145277737
143878496
331991766
