232078987
383816245
313012929
258949453
238062414
234171390
373075430
246346074
202618504
271385412
202506596
321594151
273302105
219900008
301638295
202678220
384815991
362128122
253620932
319474102
241145380
238980049
190253726
446483787
334945571
290638982
270732951
224475281
288732768
287327780
254142596
187628015
301879981
260201413
259909779
246737878
246360734
231067500
171876358
377346639
338281772
299246768
272525000
244906906
232758696
404851866
370625697
361636464
346275753
341860122
275470476
270646958
262282463
247068042
244848533
216305720
367302205
275178438
263639700
260881060
252896220
240915096
240907869
511474905
450487168
432150005
421169734
409663487
390965204
385401232
383801763
352910245
344345107
331149602
324179013
306928026
300064936
273064359
266320013
263683304
262240185
259265102
257345521
255955516
251650451
249560656
248253506
246582467
244539824
243914730
239266628
235953344
229736563
226244085
222483571
216030612
210784743
200390822
195397321
189797620
72129712
29380415
343980836
314744065
301656606
295638064
290476330
285408368
249579990
248822578
248380151
246642284
246208227
217888510
210386395
417970880
390353034
381259433
378046015
374038190
