469758876
300617850
361529209
312376014
198382725
289803369
344856501
357228590
230026903
179194120
341314267
266612304
366123103
399279987
441956638
439549311
254224509
332377567
205508016
411417294
314270224
282504464
547466497
304350952
332819872
185290293
310945584
262450692
354897433
79386534
377175814
294354215
468736736
98926321
274724227
428756908
326274982
367759022
280856186
494984862
249367510
449056492
385858891
450592971
421809124
401811661
302309366
465465053
471776626
390093193
336418315
302543327
344731941
413041059
387799106
355451011
246291764
357008700
467949034
410321812
410666093
474926075
385195994
353686362
347980230
346636357
422583328
362895652
312432102
283667918
81224839
411517737
290234091
282183135
353648122
419334956
385531826
206510701
402048532
329574277
305867992
30867087
317318946
211996396
282728550
282317005
376247592
363226677
435551014
368816395
284312139
242515047
484365481
479769972
467811024
294660857
420018342
235698836
431905431
418785029
258604648
454827872
408658737
308041714
457221686
275814525
417600789
176648066
508532680
437737856
363249567
349113065
364691158
301727182
315756419
448657562
430184583
338881136
365984253
334201405
284961051
514667909
426937057
308987289
466008345
340722863
301180104
238999453
544661760
469971167
362267806
247635591
511530556
477389541
381278845
320212664
314658043
234840745
220753918
311433665
304156303
224285597
294164465
242084185
407559864
393444098
509315723
462797822
338168408
300488127
189104666
423879618
501560995
497884871
418516821
413872575
354190800
348116150
254204983
424131157
381762605
258851771
255568838
469039588
453495746
434002139
423132189
409662046
380572193
370249855
314348003
272814222
447297638
409778227
292381486
491737483
463399945
459120365
422880355
411397566
390141144
357245760
161057775
464109770
449045915
416465045
381603273
340621423
396162147
247925311
485541089
421727178
327473102
287064380
278176320
267147638
380183105
365348072
311800595
276935038
258564401
471704041
457172648
432747330
331232564
316828305
316696063
285139237
459848058
451600805
434862194
431110293
372000421
327725136
259722248
244363590
510473899
372168052
294471789
182108834
159324585
449592394
369241596
364327011
284218148
265319396
231228562
221578977
209443550
502534964
488468604
440098871
434326880
405754947
399266823
395072019
379446310
357439756
325496881
304567944
294509797
292007349
278392017
270523504
456894780
447823607
439111530
386040528
323797180
298247354
276938680
222082770
422202669
405074282
370184109
351508546
306179471
297387476
274007913
215689554
510994601
506460167
460267424
442055647
366305496
362634035
349034512
287008604
259197132
246902369
240781481
215470006
204094418
482733939
419305019
331977802
294312032
282915846
271691005
269867321
243239987
165021340
425077988
390175863
351969536
320087972
294983672
282507095
267755913
260387156
244197667
239530955
166842573
136502024
481534085
477390280
422887482
410229292
369971462
342817772
310185728
292634038
282720675
276837619
273727492
267930752
258607480
238122423
230546646
508522762
468008253
443894000
438714685
426809243
422749858
405161930
347094908
343838024
343040640
332653705
312864125
308752828
304954400
302110848
285987525
266932028
257276336
253742882
242196362
233618416
231789437
431974001
405953667
372636174
369435831
367402554
364788499
360867386
344752464
335527669
333477718
321987296
320523252
314472169
314009973
309920879
301524045
286634541
276011043
257259045
253237380
251911779
249633452
249350219
207643285
178514295
505395885
478480867
451437800
446717584
441058531
438531708
428766631
411564687
403729782
374654492
371107265
367128401
362474448
311370462
301555198
295170958
286785936
285591498
256897441
254699622
251293661
245969892
233124391
230697277
222184032
221646784
186466657
181195001
95189995
489112165
441001183
383087114
381055975
378374773
373459880
362410713
353346061
342465154
340015715
335724371
320059037
305634699
304347845
297021561
294488082
287711414
281683872
278480575
274901064
270675961
260789195
249500168
237309507
221276241
172820834
85761934
3979409
475351585
460705335
441012187
422719455
415414272
404276972
402370519
387565897
378533790
372797869
357570065
350039759
346574975
340290710
336600865
329577056
304346801
300315496
298350885
282088149
278367193
270132039
248040800
236972333
234069555
232221738
227692209
222880327
222210159
210103734
195427124
192266498
183908545
79414093
34634179
502603429
497455213
491055795
471931752
454936816
447394152
412704637
410894602
405553478
400430159
398690561
397536428
380885516
372941261
361866868
359320843
349709794
335734009
330911352
329770845
318357679
311003155
310307680
305509161
298698904
293470220
290054299
289075887
281784721
279943154
249093699
247802394
247320389
242753716
242753639
241240792
240238696
237080149
236411233
235641009
232510157
229005739
223263934
215975365
206755808
202347700
200372774
195647740
104550934
497080722
487087834
484819717
468934834
466017489
449570674
432220730
431857794
428084133
424578774
422277898
420994215
419691499
418689688
400025831
382663097
377732926
376932663
369405741
368688263
368386578
367215360
363807343
357375201
354881677
351967870
341460041
341222272
340295540
339782933
333689509
328523150
328514250
320948237
312721901
310195303
308479375
308178051
305757351
302449314
292356769
290776836
286534164
281864243
279179081
275301817
274450910
274418222
271801960
267737205
266349352
263431232
261229689
261080973
259882464
259630591
258551490
256404864
253946735
251446956
246924734
244712315
244468805
244214341
243150961
242269993
233117238
230337163
215517793
215262785
200431089
194259738
194196437
193555251
188592454
176407463
170199355
163251993
104195264
502611093
494536611
485079627
479569335
478464878
468023856
467953106
460486870
457446086
454496026
448980412
447060357
442872766
442652857
442299777
441031074
437243769
427123636
418453882
414228914
411293640
407200385
397541419
396646917
396603358
395214056
395006931
390722201
372647962
371482757
369780161
368754607
366927554
363941885
350654131
349384949
342977791
339744103
338187773
334945571
333716816
332670723
332117773
327260264
326306930
323333370
319468127
319384069
318955296
314591476
311953417
309658437
307281156
305837672
304405896
304404970
301589960
300621486
299129290
299027297
298835506
298602282
295775518
294518346
294472174
294109687
293261645
289656480
288726661
283124837
282767992
276468741
274204832
271689570
271025272
270647241
268582102
264999090
264167456
262586753
261244855
260328747
258858571
256822143
256777313
255402006
255247095
254782617
250989967
250549738
250266310
247067336
246612962
246377878
246369181
244568501
239985280
237538360
236690889
232981408
229779718
226274973
225493712
224781857
224675564
224284492
217705472
216652738
214183047
206310433
202124419
201808544
201472408
200478910
195302835
192687008
189564240
185165879
176457020
174550289
167238533
161449698
149199457
73958977
509661400
497181634
470218078
469297750
465808383
454419304
449138562
446497833
442957656
429870500
425405389
420662632
420151067
419666144
418665615
409836310
406824714
401631942
392407077
391974974
388881050
388418722
385144231
384435410
383181911
378046177
378040792
375898850
375571417
374081952
367366075
366564618
366416044
364175642
363073516
352750433
352650392
351337241
350249639
343403063
338674008
337803685
335576330
333543764
333325676
333146109
331711142
330492702
328520634
324862125
322839096
320758640
319960874
317822734
315322100
313789611
311588158
309514396
308736786
306614620
304957561
304461513
301903691
300351204
299159269
299052409
298368360
296491263
296140040
295176212
292567180
290516658
284061717
280237201
275698918
274840760
274700558
273552490
273041065
269999358
269111800
268907533
268730314
266647406
265214982
265186948
264953785
263945629
260363188
257511260
257450855
257298089
256258623
255870861
255814806
251141108
249781514
249611422
247791614
246999014
246651406
246121602
246008992
245999635
240375777
237497229
237279841
237233192
237071498
236844606
229170258
228995876
228552922
227910858
227734213
227550432
226494134
226456454
225723258
224249757
222542038
222195656
215470838
215131504
213976563
213295604
212735198
211320356
208919019
208898852
207618399
205342143
203163362
201246271
195608469
195025952
193566652
181536558
180451133
176058112
151527245
134522040
103512233
75111096
73072626
58517253
1791694
496862336
495703729
493781206
489724007
489367478
487917015
484580758
481452751
480519907
478757721
475271544
472978090
470646781
470381213
468693697
467481387
464723654
462041374
461755751
459637695
459453549
457869064
452855553
